[1] "mobility"      "pandemic_time" "death_toll"    "vaccines"     
[5] "total_cases"  
[1]     0.00000    92.65218  2699.00000   954.00000 89426.00000
[1]      0.00000     93.64198   2690.00000   1903.00000 178854.00000
[1]      0.00000     90.90178   2788.00000   2807.00000 268357.00000
[1]      0.00000     94.68864   2720.00000   3749.00000 357801.00000
[1]      0.00000     93.49317   2714.00000   4621.00000 447313.00000
[1]      0.00000     95.98128   2812.00000   5624.00000 536724.00000
[1]      0.00000     92.57029   2704.00000   6517.00000 626212.00000
[1]      0.00000     95.53147   2784.00000   7472.00000 715662.00000
[1]      0.00000     93.71435   2800.00000   8391.00000 805153.00000
[1]      0.00000     97.02206   2783.00000   9375.00000 894574.00000
[1]      0.2000     92.6551   2768.0000  10286.0000 984064.0000
[1] 2.000000e-01 9.353225e+01 2.681000e+03 1.128200e+04 1.073442e+06
[1] 2.000000e-01 9.413038e+01 2.766000e+03 1.218800e+04 1.162936e+06
[1] 2.000000e-01 9.021551e+01 2.666000e+03 1.305600e+04 1.252438e+06
[1] 2.000000e-01 9.533314e+01 2.889000e+03 1.403100e+04 1.341900e+06
[1] 2.000000e-01 9.562609e+01 2.665000e+03 1.501800e+04 1.431283e+06
[1]       0.2000      94.1493    2681.0000   15991.0000 1520684.0000
[1] 2.000000e-01 9.523051e+01 2.801000e+03 1.692200e+04 1.610163e+06
[1] 2.000000e-01 9.166077e+01 2.700000e+03 1.781500e+04 1.699650e+06
[1] 2.000000e-01 9.305897e+01 2.766000e+03 1.874200e+04 1.789123e+06
[1] 4.000000e-01 9.279566e+01 2.712000e+03 1.965000e+04 1.878599e+06
[1] 4.000000e-01 9.210603e+01 2.621000e+03 2.058400e+04 1.968021e+06
[1] 4.00000e-01 9.35774e+01 2.78700e+03 2.15510e+04 2.05746e+06
[1] 4.000000e-01 9.380141e+01 2.815000e+03 2.245000e+04 2.146976e+06
[1] 4.000000e-01 9.343514e+01 2.767000e+03 2.338600e+04 2.236440e+06
[1] 4.000000e-01 9.509594e+01 2.742000e+03 2.436400e+04 2.325855e+06
[1] 4.000000e-01 9.381834e+01 2.693000e+03 2.528500e+04 2.415312e+06
[1] 4.000000e-01 9.131458e+01 2.667000e+03 2.629700e+04 2.504670e+06
[1] 4.000000e-01 9.416973e+01 2.818000e+03 2.730500e+04 2.594078e+06
[1] 4.000000e-01 9.131721e+01 2.700000e+03 2.821000e+04 2.683553e+06
[1] 6.000000e-01 9.384703e+01 2.780000e+03 2.909200e+04 2.773075e+06
[1] 6.000000e-01 9.219042e+01 2.708000e+03 3.000800e+04 2.862542e+06
[1] 6.000000e-01 9.240076e+01 2.687000e+03 3.098900e+04 2.951937e+06
[1] 6.000000e-01 9.183582e+01 2.822000e+03 3.196700e+04 3.041376e+06
[1] 6.000000e-01 9.423504e+01 2.782000e+03 3.289500e+04 3.130853e+06
[1] 6.000000e-01 9.305014e+01 2.689000e+03 3.380900e+04 3.220316e+06
[1] 6.000000e-01 9.279329e+01 2.711000e+03 3.474600e+04 3.309762e+06
[1] 6.00000e-01 9.38367e+01 2.77100e+03 3.56690e+04 3.39924e+06
[1] 6.000000e-01 9.546518e+01 2.639000e+03 3.666600e+04 3.488605e+06
[1] 6.000000e-01 9.333007e+01 2.793000e+03 3.756800e+04 3.578111e+06
[1] 8.000000e-01 9.404359e+01 2.788000e+03 3.850400e+04 3.667582e+06
[1] 8.000000e-01 9.261506e+01 2.692000e+03 3.943200e+04 3.757032e+06
[1] 8.000000e-01 9.364555e+01 2.720000e+03 4.042500e+04 3.846425e+06
[1]       0.8000      95.6133    2656.0000   41420.0000 3935797.0000
[1] 8.000000e-01 9.487115e+01 2.810000e+03 4.240100e+04 4.025229e+06
[1] 8.000000e-01 9.353913e+01 2.743000e+03 4.329900e+04 4.114724e+06
[1] 8.000000e-01 9.285376e+01 2.803000e+03 4.424100e+04 4.204193e+06
[1] 8.000000e-01 9.273375e+01 2.696000e+03 4.516400e+04 4.293649e+06
[1] 8.000000e-01 9.452578e+01 2.917000e+03 4.609600e+04 4.383162e+06
[1] 8.000000e-01 9.436985e+01 2.754000e+03 4.710200e+04 4.472552e+06
[1] 1.00000e+00 9.40361e+01 2.73200e+03 4.79940e+04 4.56205e+06
[1] 1.000000e+00 9.261459e+01 2.747000e+03 4.891100e+04 4.651527e+06
[1] 1.000000e+00 9.339245e+01 2.701000e+03 4.984100e+04 4.740977e+06
[1] 1.000000e+00 9.452652e+01 2.699000e+03 5.073700e+04 4.830461e+06
[1] 1.000000e+00 9.383755e+01 2.802000e+03 5.171300e+04 4.919896e+06
[1] 1.000000e+00 9.493129e+01 2.728000e+03 5.262200e+04 5.009376e+06
[1] 1.000000e+00 9.521669e+01 2.746000e+03 5.358800e+04 5.098804e+06
[1] 1.000000e+00 9.365318e+01 2.713000e+03 5.453300e+04 5.188243e+06
[1] 1.000000e+00 9.201925e+01 2.693000e+03 5.552300e+04 5.277631e+06
[1]       1.0000      94.1182    2722.0000   56418.0000 5367123.0000
There were 50 or more warnings (use warnings() to see the first 50)
[1] "DONE"
