[1] "mobility"      "pandemic_time" "death_toll"    "vaccines"     
[5] "total_cases"  
[1]     0.0000    94.4027  1333.0000 33912.0000 56058.0000
[1]     0.00000    94.99782  1327.00000 34285.00000 55683.00000
[1]     0.00000    93.70583  1304.00000 33766.00000 56195.00000
[1]     0.0000    93.6345  1326.0000 33873.0000 56095.0000
[1]     0.00000    93.46494  1381.00000 33888.00000 56096.00000
[1]     0.500   100.373  1534.000 36303.000 53727.000
[1]     0.50000    93.76649  1627.00000 33845.00000 56213.00000
[1]     0.5000    94.7987  1609.0000 34223.0000 55830.0000
[1]     0.500    99.122  1611.000 36173.000 53880.000
[1]     0.50000    99.08797  1664.00000 35406.00000 54663.00000
[1]     1.00000    95.68284  1959.00000 35554.00000 54604.00000
[1]     1.00000    95.19894  1964.00000 35325.00000 54834.00000
[1]     1.00000    95.71759  1938.00000 35904.00000 54248.00000
[1]     1.00000    93.15592  1918.00000 34654.00000 55492.00000
[1]     1.00000    96.02272  1878.00000 35779.00000 54355.00000
There were 50 or more warnings (use warnings() to see the first 50)
[1] "DONE"
